17066 16614
21350 26994
-17028 -31756
23971 8671
-25219 -27597
-4755 -32549
-964 -11977
-15834 -27231
-31568 6663
-5045 9867
32187 28603
-9746 -6576
26129 -16154
-19277 -12225
-19446 -4066
21658 -15306
14927 -10377
13604 5296
11758 19348
-26576 2016
26434 22954
-20842 13668
8816 10702
25918 27796
5977 -30040
-5688 -13782
32236 -18320
17193 -16467
29951 13592
-20034 -24858
10810 20980
-6064 11911
-22633 4571
-9606 8216
832 -18185
30479 11402
10550 -16725
-223 10814
-333 -6498
14799 -8274
22900 -12250
-27379 -10588
24565 14441
14831 11262
-4903 31340
-9709 -6984
-13506 -6920
-31609 27247
32565 4510
-22010 -4536
-19305 -32766
16072 6203
26074 -24437
23604 -2681
19865 27669
-19839 -3293
-17334 3597
-3974 4241
27919 24371
-22706 32396
17477 32685
-23102 -3100
18326 16015
-26716 10685
-14860 -14858
-12100 9418
20690 24320
27363 28770
-11405 365
-3448 21999
13489 -17375
-605 367
21628 -6228
24541 19219
-7296 -28491
25388 29744
-23189 -15022
25578 17313
-29865 -28023
-19421 -9801
4394 -17178
14395 -28578
-31757 667
12419 -19944
-10047 -15147
13588 7474
6446 -4848
-6926 -20084
22221 2083
28466 -10731
5449 -20677
22631 85
-24462 14935
30541 20010
-23145 29358
17388 -5751
7972 29726
30229 1402
32411 23690
-17062 4402
27555 -17912
-22913 -9202
28280 25749
21525 -9363
-19949 -25186
6820 -23751
12711 -8548
-31439 4694
28702 4434
-10995 17782
-288 -26019
-27064 -1359
20239 17811
-9220 -27140
11070 2282
5845 14491
-8659 14893
-21234 -18476
-6620 19310
27641 -407
15763 6941
-10425 -25676
11255 -26829
31457 12852
-2658 -32263
110 30403
-11586 -18679
27697 -19981
27813 3603
7812 9759
20563 -31730
-30096 8562
8353 15915
31483 -19013
29684 3749
18121 -26713
2783 -21454
1727 -22261
23490 -29989
-24272 30694
16776 -13514
16445 -13034
-13045 14636
32255 -14896
-27087 -20485
-2259 30285
9261 -4843
4821 22886
13555 -14969
-19798 -20303
2291 27808
29925 26204
-14197 -3714
-4971 -29941
2944 -25223
-26817 24502
-30538 -12321
-29901 19912
9645 -7350
8918 -9887
17933 -16755
-10134 26773
-1850 22222
-26526 10859
8482 -11362
-20712 955
-4641 -22211
4896 -26171
19333 -4983
-30935 5871
16827 28957
10753 17933
10913 5235
26196 31382
-13701 32344
23376 9371
-30098 -30331
-3874 19229
-23071 11951
-24989 24544
2443 12781
-2909 26896
23995 -30467
-21080 -22500
-28849 32673
-19042 8363
-26867 25506
-19174 -27998
25859 2150
-1158 23928
-29363 -26171
-12172 -6728
-24234 26419
-17502 -19892
-18414 7833
28554 -13851
5347 7628
15731 7742
-14432 1858
4047 1563
13996 28887
26680 -13434
13912 -20827
-23183 -12843
-9602 -18812
-31811 7721
28312 -907
-1471 20240
-11294 27224
-8819 11047
-21182 -25015
-11556 9750
-10821 509
-10792 28300
2017 -19392
-20245 15578
-26710 20617
-13620 -19284
11038 26606
-30072 1807
8616 -2015
30539 25579
-31568 -24252
10548 30436
-7486 -10434
8744 -6267
7714 -2444
2198 -23411
-6731 1430
-29946 -17681
-7699 -22401
-26858 12878
31560 -12789
15318 -32139
-27294 29113
30455 27587
-22133 -2183
13244 32039
3799 29491
-28815 -5327
-14724 19450
22278 -6214
21121 15944
21844 -11107
5669 -13067
-474 -21978
14732 32194
30482 22369
-27804 5091
15004 15901
-10268 -20072
-17102 -13318
28572 30081
5269 20764
18602 16877
15845 2689
11784 14245
-13210 31031
53 -16940
14130 -6775
6745 29699
16883 27215
1345 -23519
-20365 3934
-12629 -1964
-25408 1245
-25975 -18889
27357 30281
-22381 24963
-21822 -4536
-13495 21015
-25043 26723
1275 1210
8509 18225
28849 8930
24776 -13677
31428 -22168
-22786 -4957
13297 -17908
-24709 -32565
8167 -12023
-9542 -19913
-8412 -2970
-16316 3016
7747 8341
3545 3592
19505 -12859
-16550 -27254
-3901 6991
803 26218
6621 -9013
-27835 -29885
-30953 -2731
-1132 -14357
26287 -28101
-23825 -4992
22441 2284
15888 -984
5015 -5185
13145 31765
23420 21806
-26431 18847
-15187 28961
23185 -18815
27341 -17850
-22841 7491
-2226 -10653
31851 23283
-5012 -8371
17925 3494
13578 -32715
-23414 -2127
-28322 17055
-9642 -11534
-24245 -23688
-3596 -6630
5664 -18517
-12270 31430
21416 15263
5025 17222
-8628 24685
10322 -30745
-24238 22822
-26126 15974
13648 -19291
-3351 -17210
15623 19153
2345 -28573
25335 7532
-1661 -22169
-20849 -28788
-7783 -17483
29625 -7773
-3870 12245
-1429 27498
-25394 -5822
8700 -18669
-25894 -10576
15685 28821
9435 -5177
-9151 -10272
4349 20829
-16475 7613
-4577 -5776
21880 -845
-30427 14335
-13231 14420
-7162 27522
-25929 10165
-23846 219
3131 -20399
23775 8204
24444 21633
2266 8760
14446 -11611
22088 -12026
-25885 531
2891 -15653
31048 -25285
-20729 -10875
8946 24848
19230 -19300
-8659 25135
-30342 8992
29299 -28400
20092 9223
22038 -18422
-7133 -23314
-8287 -28869
-10339 5424
14260 -8817
-29849 26756
-4107 18655
1488 -24963
-11213 -6522
-18048 17067
24074 -23346
-21849 -18284
-16409 5112
9748 -9547
-30576 5975
6660 695
31036 -6193
-10983 14188
6975 -22974
-19643 -25582
631 8682
30585 19876
-1470 22213
16058 -18089
11261 -11292
-27081 8945
-23092 -12865
29076 4462
-1519 30549
-16141 21001
-15803 -15171
-7003 20818
32192 4496
-4367 13095
21453 730
18017 5853
-17580 -3250
29112 -10320
7550 21396
-25366 -2366
-4177 -19822
-26950 6133
29821 29858
787 21900
17969 -26464
32318 13294
-17179 22457
-26676 -13849
-9152 -23279
3431 29101
-11454 -8193
-8137 22501
-23719 -417
-1960 -14643
20747 -6263
-27981 25637
682 -15761
13373 -27021
-28859 1995
-24749 -8650
-18190 29641
-30673 24016
-18478 7700
-28556 -20557
13966 17731
24326 -1010
-22091 -6138
-21212 -25577
30168 16751
10219 -16194
-15465 -6740
4374 -29448
-16393 -30812
-10077 -20347
29797 30850
29796 -22651
-976 -14730
8950 17720
21817 -32286
4326 32031
30461 18500
-23859 -410
5146 18892
-7547 10932
-7607 28051
-4138 8071
-24073 -5882
-17597 -17738
19884 6888
-5210 92
14021 -19477
-6072 10986
-1081 -10573
4094 13367
-28148 20887
24449 6769
-7775 -25947
7248 24130
-2236 15876
1017 -22590
10177 -14004
4601 -30759
-15999 22257
-31386 -3732
-16247 27896
-12886 4808
-31057 -10246
-28750 28263
19626 -2027
-27195 30637
-20068 19662
18244 28008
-5894 -14259
-22397 1473
15878 -1492
-18157 -7216
13398 -7446
10536 -13462
8750 -21002
-13252 -24013
-14968 30399
18946 5170
-13796 7285
-7712 19406
3998 -21198
4244 -5770
-4374 22641
29813 -31099
28927 8741
-17250 -26088
-29156 -9792
10148 4757
-3479 -28744
26292 -30251
-1676 21571
-997 12011
-10761 -16402
-382 -10426
21579 -5702
-1897 17284
23183 -3408
8383 -19794
307 16138
32354 -20761
5796 32275
13184 -1718
